ioos_qc/20210602.cnv
* Sea-Bird SBE 21 Data File:
* FileName = D:\SBE21data\2021105\20210602.hex
* Software Version Seasave V 7.21f
* Temperature SN = 3194
* Conductivity SN = 3194
* System UpLoad Time = Jun 02 2021 06:48:34
* NMEA Latitude = 61 01.8697 N
* NMEA Longitude = 000 03.9378 W
* NMEA UTC (Time) = none
** Ship: F/F "G. O. Sars"
** Cruise: 2021105
# nquan = 7
# nvalues = 6331                                  
# units = specified
# name 0 = timeJ: Julian Days
# name 1 = latitude: Latitude [deg]
# name 2 = longitude: Longitude [deg]
# name 3 = sal00: Salinity, Practical [PSU]
# name 4 = t090C: Temperature [ITS-90, deg C]
# name 5 = wetStar: Fluorescence, WET Labs WETstar [mg/m^3]
# name 6 = flag:  0.000e+00
# span 0 = 153.283727, 154.016366                 
# span 1 =   60.59332,   61.07908                 
# span 2 =   -5.62334,   -0.06742                 
# span 3 =    35.1763,    35.3121                 
# span 4 =     9.8942,    10.9316                 
# span 5 =     0.3941,     4.6336                 
# span 6 = 0.0000e+00, 0.0000e+00                 
# interval = seconds: 10
# start_time = Jun 02 2021 06:48:34 [System UTC, header]
# bad_flag = -9.990e-29
*END*
[from data line 2052]
 153.521227   60.96734   -1.85316    35.2654    10.3732     0.6380  0.000e+00
 153.521343   60.96722   -1.85406    35.2670    10.3716     0.6380  0.000e+00
 153.521458   60.96712   -1.85496    35.2664    10.3700     0.6446  0.000e+00
 153.521574   60.96702   -1.85586    35.2664    10.3700     0.6446  0.000e+00
 153.521690   60.96692   -1.85678    35.2664    10.3700     0.6380  0.000e+00
 153.521806   60.96680   -1.85766    35.2656    10.3676     0.6446  0.000e+00
 153.521921   60.96670   -1.85858    35.2654    10.3700     0.6446  0.000e+00
 153.522037   60.96658   -1.85948    35.2654    10.3700     0.6644  0.000e+00
 153.522153   60.96648   -1.86036    35.2662    10.3692     0.6446  0.000e+00
 153.522269   60.96636   -1.86126    35.2647    10.3708     0.6446  0.000e+00
 153.522384   60.96626   -1.86216    35.2641    10.3724     0.6512  0.000e+00
 153.522500   60.96614   -1.86302    35.2636    10.3740     0.6512  0.000e+00
 153.522616   60.96604   -1.86392    35.2623    10.3797     0.6644  0.000e+00
 153.522731   60.96592   -1.86478    35.2632    10.3788     0.6710  0.000e+00
 153.522847   60.96580   -1.86564    35.2616    10.3804     0.6776  0.000e+00
 153.522963   60.96566   -1.86652    35.2627    10.3804     0.6776  0.000e+00
 153.523079   60.96556   -1.86738    35.2619    10.3844     0.6776  0.000e+00
 153.523194   60.96544   -1.86822    35.2611    10.3853     0.6842  0.000e+00
 153.523310   60.96532   -1.86908    35.2606    10.3869     0.6842  0.000e+00
 153.523426   60.96518   -1.86994    35.2604    10.3893     0.6776  0.000e+00
 153.523542   60.96506   -1.87080    35.2589    10.3909     0.6776  0.000e+00
 153.523657   60.96494   -1.87168    35.2606    10.3901     0.6842  0.000e+00
 153.523773   60.96480   -1.87254    35.2596    10.3901     0.6776  0.000e+00
 153.523889   60.96468   -1.87342    35.2596    10.3901     0.6842  0.000e+00
 153.524005   60.96458   -1.87430    35.2594    10.3925     0.6776  0.000e+00
 153.524120   60.96444   -1.87518    35.2584    10.3957     0.6776  0.000e+00
 153.524236   60.96432   -1.87606    35.2578    10.3973     0.6842  0.000e+00
 153.524352   60.96420   -1.87694    35.2581    10.3981     0.6842  0.000e+00
 153.524468   60.96408   -1.87784    35.2578    10.3973     0.6908  0.000e+00
 153.524583   60.96396   -1.87872    35.2576    10.3965     0.6842  0.000e+00
 153.524699   60.96384   -1.87958    35.2568    10.3973     0.6908  0.000e+00
 153.524815   60.96372   -1.88048    35.2568    10.3973     0.6974  0.000e+00
 153.524931   60.96360   -1.88136    35.2560    10.3981     0.6974  0.000e+00
 153.525046   60.96346   -1.88224    35.2553    10.3989     0.6974  0.000e+00
 153.525162   60.96334   -1.88314    35.2558    10.3973     0.7105  0.000e+00
 153.525278   60.96322   -1.88402    35.2557    10.3941     0.7105  0.000e+00
 153.525394   60.96310   -1.88488    35.2539    10.3949     0.7039  0.000e+00
 153.525509   60.96298   -1.88578    35.2544    10.3965     0.7039  0.000e+00
 153.525625   60.96286   -1.88664    35.2526    10.4005     0.6974  0.000e+00
 153.525741   60.96274   -1.88750    35.2521    10.3989     0.7105  0.000e+00
 153.525856   60.96262   -1.88838    35.2523    10.3965     0.7105  0.000e+00
 153.525972   60.96250   -1.88926    35.2517    10.3949     0.7237  0.000e+00
 153.526088   60.96236   -1.89010    35.2505    10.3941     0.7105  0.000e+00
 153.526204   60.96224   -1.89098    35.2500    10.3957     0.7105  0.000e+00
 153.526319   60.96212   -1.89186    35.2481    10.3965     0.7171  0.000e+00
 153.526435   60.96200   -1.89272    35.2489    10.3957     0.7237  0.000e+00
 153.526551   60.96188   -1.89362    35.2478    10.3957     0.7237  0.000e+00
 153.526667   60.96176   -1.89448    35.2478    10.3957     0.7171  0.000e+00
 153.526782   60.96164   -1.89536    35.2479    10.3989     0.7105  0.000e+00
 153.526898   60.96152   -1.89622    35.2484    10.3973     0.7105  0.000e+00
 153.527014   60.96140   -1.89710    35.2478    10.3957     0.7171  0.000e+00
 153.527130   60.96128   -1.89798    35.2465    10.3981     0.7171  0.000e+00
 153.527245   60.96116   -1.89886    35.2456    10.4013     0.7039  0.000e+00
 153.527361   60.96104   -1.89974    35.2461    10.4029     0.7039  0.000e+00
 153.527477   60.96092   -1.90064    35.2453    10.4037     0.7105  0.000e+00
 153.527593   60.96080   -1.90152    35.2458    10.4021     0.7039  0.000e+00
 153.527708   60.96066   -1.90240    35.2461    10.3997     0.6974  0.000e+00
 153.527824   60.96054   -1.90328    35.2468    10.3989     0.7039  0.000e+00
 153.527940   60.96042   -1.90414    35.2470    10.3965     0.7039  0.000e+00
 153.528056   60.96030   -1.90502    35.2483    10.3909     0.6974  0.000e+00
 153.528171   60.96018   -1.90590    35.2475    10.3949     0.6842  0.000e+00
 153.528287   60.96008   -1.90678    35.2458    10.3989     0.6776  0.000e+00
 153.528403   60.95996   -1.90766    35.2473    10.3973     0.6776  0.000e+00
 153.528519   60.95984   -1.90854    35.2465    10.3949     0.6908  0.000e+00
 153.528634   60.95972   -1.90942    35.2467    10.3893     0.6974  0.000e+00
 153.528750   60.95960   -1.91030    35.2485    10.3853     0.6974  0.000e+00
 153.528866   60.95948   -1.91118    35.2473    10.3909     0.6842  0.000e+00
 153.528981   60.95936   -1.91208    35.2450    10.3997     0.6776  0.000e+00
 153.529097   60.95924   -1.91294    35.2443    10.4037     0.6710  0.000e+00
 153.529213   60.95914   -1.91380    35.2443    10.4037     0.6644  0.000e+00
 153.529329   60.95902   -1.91468    35.2443    10.4037     0.6578  0.000e+00
 153.529444   60.95890   -1.91554    35.2453    10.4005     0.6644  0.000e+00
 153.529560   60.95878   -1.91640    35.2450    10.3997     0.6644  0.000e+00
 153.529676   60.95866   -1.91726    35.2453    10.4005     0.6644  0.000e+00
 153.529792   60.95854   -1.91814    35.2461    10.3997     0.6512  0.000e+00
 153.529907   60.95842   -1.91902    35.2468    10.3989     0.6446  0.000e+00
 153.530023   60.95830   -1.91988    35.2474    10.4005     0.6380  0.000e+00
 153.530139   60.95818   -1.92076    35.2469    10.4053     0.6314  0.000e+00
 153.530255   60.95806   -1.92162    35.2467    10.4077     0.6248  0.000e+00
 153.530370   60.95796   -1.92250    35.2494    10.4093     0.6182  0.000e+00
 153.530486   60.95784   -1.92338    35.2509    10.4077     0.6116  0.000e+00
 153.530602   60.95772   -1.92424    35.2532    10.4053     0.6116  0.000e+00
 153.530718   60.95760   -1.92512    35.2558    10.4037     0.5919  0.000e+00
 153.530833   60.95750   -1.92600    35.2577    10.4029     0.5721  0.000e+00
 153.530949   60.95738   -1.92686    35.2595    10.4053     0.5523  0.000e+00
 153.531065   60.95726   -1.92774    35.2622    10.4069     0.5325  0.000e+00
 153.531181   60.95714   -1.92862    35.2657    10.4109     0.5127  0.000e+00
 153.531296   60.95702   -1.92950    35.2694    10.4157     0.4995  0.000e+00
 153.531412   60.95690   -1.93038    35.2741    10.4173     0.4930  0.000e+00
 153.531528   60.95678   -1.93124    35.2758    10.4189     0.4864  0.000e+00
 153.531644   60.95666   -1.93210    35.2777    10.4245     0.4732  0.000e+00
 153.531759   60.95654   -1.93298    35.2778    10.4310     0.4666  0.000e+00
 153.531875   60.95642   -1.93386    35.2778    10.4374     0.4732  0.000e+00
 153.531991   60.95630   -1.93472    35.2794    10.4390     0.4666  0.000e+00
 153.532106   60.95618   -1.93560    35.2825    10.4358     0.4534  0.000e+00
 153.532222   60.95606   -1.93646    35.2854    10.4317     0.4534  0.000e+00
 153.532338   60.95594   -1.93732    35.2877    10.4294     0.4468  0.000e+00
 153.532454   60.95580   -1.93820    35.2885    10.4286     0.4336  0.000e+00
 153.532569   60.95568   -1.93908    35.2919    10.4261     0.4270  0.000e+00
 153.532685   60.95558   -1.93994    35.2937    10.4222     0.4204  0.000e+00
 153.532801   60.95544   -1.94084    35.2975    10.4117     0.4138  0.000e+00
 153.532917   60.95532   -1.94170    35.3010    10.3941     0.4204  0.000e+00
 153.533032   60.95520   -1.94258    35.3032    10.3885     0.4072  0.000e+00
 153.533148   60.95508   -1.94344    35.3028    10.3933     0.3941  0.000e+00
 153.533264   60.95494   -1.94430    35.3037    10.3989     0.3941  0.000e+00
 153.533380   60.95482   -1.94520    35.3062    10.3941     0.3941  0.000e+00
 153.533495   60.95470   -1.94606    35.3085    10.3885     0.3941  0.000e+00
 153.533611   60.95458   -1.94694    35.3088    10.3893     0.4006  0.000e+00
 153.533727   60.95446   -1.94782    35.3101    10.3901     0.4072  0.000e+00
 153.533843   60.95434   -1.94868    35.3094    10.3941     0.4006  0.000e+00
 153.533958   60.95422   -1.94954    35.3089    10.3989     0.4006  0.000e+00
 153.534074   60.95410   -1.95042    35.3093    10.4029     0.4006  0.000e+00
 153.534190   60.95396   -1.95128    35.3101    10.4085     0.4006  0.000e+00
 153.534306   60.95386   -1.95218    35.3099    10.4109     0.4138  0.000e+00
 153.534421   60.95372   -1.95302    35.3106    10.4101     0.4138  0.000e+00
 153.534537   60.95360   -1.95392    35.3114    10.4061     0.4138  0.000e+00
 153.534653   60.95348   -1.95478    35.3116    10.4005     0.4204  0.000e+00
 153.534769   60.95338   -1.95566    35.3113    10.3997     0.4270  0.000e+00
 153.534884   60.95324   -1.95650    35.3100    10.3989     0.4336  0.000e+00
 153.535000   60.95312   -1.95738    35.3094    10.3973     0.4270  0.000e+00
 153.535116   60.95300   -1.95824    35.3076    10.3981     0.4336  0.000e+00
 153.535231   60.95288   -1.95912    35.3073    10.3941     0.4468  0.000e+00
 153.535347   60.95274   -1.95998    35.3062    10.3909     0.4468  0.000e+00
 153.535463   60.95262   -1.96088    35.3059    10.3869     0.4468  0.000e+00
 153.535579   60.95250   -1.96176    35.3048    10.3837     0.4468  0.000e+00
 153.535694   60.95238   -1.96264    35.3040    10.3813     0.4468  0.000e+00
 153.535810   60.95226   -1.96352    35.3040    10.3813     0.4468  0.000e+00
 153.535926   60.95214   -1.96440    35.3024    10.3829     0.4468  0.000e+00
 153.536042   60.95200   -1.96530    35.3016    10.3804     0.4468  0.000e+00
 153.536157   60.95188   -1.96618    35.3018    10.3781     0.4468  0.000e+00
 153.536273   60.95174   -1.96704    35.3018    10.3748     0.4402  0.000e+00
 153.536389   60.95162   -1.96792    35.2997    10.3748     0.4336  0.000e+00
 153.536505   60.95150   -1.96880    35.2970    10.3700     0.4336  0.000e+00
 153.536620   60.95138   -1.96968    35.2953    10.3588     0.4336  0.000e+00
 153.536736   60.95124   -1.97054    35.2936    10.3476     0.4402  0.000e+00
 153.536852   60.95112   -1.97142    35.2912    10.3435     0.4402  0.000e+00
 153.536968   60.95098   -1.97228    35.2891    10.3467     0.4402  0.000e+00
 153.537083   60.95086   -1.97312    35.2874    10.3539     0.4468  0.000e+00
 153.537199   60.95074   -1.97398    35.2861    10.3596     0.4402  0.000e+00
 153.537315   60.95060   -1.97484    35.2845    10.3612     0.4402  0.000e+00
 153.537431   60.95048   -1.97570    35.2806    10.3588     0.4534  0.000e+00
 153.537546   60.95036   -1.97656    35.2792    10.3548     0.4666  0.000e+00
 153.537662   60.95022   -1.97744    35.2765    10.3467     0.4864  0.000e+00
 153.537778   60.95012   -1.97830    35.2745    10.3411     0.4930  0.000e+00
 153.537894   60.94998   -1.97918    35.2748    10.3387     0.4995  0.000e+00
 153.538009   60.94986   -1.98006    35.2727    10.3419     0.4930  0.000e+00
 153.538125   60.94974   -1.98092    35.2717    10.3483     0.4930  0.000e+00
 153.538241   60.94962   -1.98180    35.2713    10.3532     0.4930  0.000e+00
 153.538356   60.94948   -1.98266    35.2705    10.3572     0.4930  0.000e+00
 153.538472   60.94936   -1.98352    35.2705    10.3572     0.4930  0.000e+00
 153.538588   60.94922   -1.98440    35.2692    10.3596     0.4930  0.000e+00
 153.538704   60.94910   -1.98526    35.2690    10.3620     0.4995  0.000e+00
 153.538819   60.94898   -1.98612    35.2690    10.3652     0.4930  0.000e+00
 153.538935   60.94886   -1.98700    35.2681    10.3716     0.4995  0.000e+00
 153.539051   60.94874   -1.98786    35.2665    10.3732     0.5061  0.000e+00
 153.539167   60.94860   -1.98874    35.2668    10.3708     0.5127  0.000e+00
 153.539282   60.94848   -1.98960    35.2658    10.3740     0.5127  0.000e+00
 153.539398   60.94836   -1.99048    35.2644    10.3765     0.5061  0.000e+00
 153.539514   60.94824   -1.99134    35.2647    10.3772     0.5061  0.000e+00
 153.539630   60.94810   -1.99218    35.2637    10.3804     0.5061  0.000e+00
 153.539745   60.94798   -1.99304    35.2632    10.3853     0.5061  0.000e+00
 153.539861   60.94786   -1.99392    35.2627    10.3869     0.5061  0.000e+00
 153.539977   60.94774   -1.99478    35.2625    10.3893     0.5127  0.000e+00
 153.540093   60.94762   -1.99566    35.2615    10.3957     0.5061  0.000e+00
 153.540208   60.94748   -1.99654    35.2619    10.3997     0.5061  0.000e+00
 153.540324   60.94736   -1.99742    35.2610    10.4005     0.5127  0.000e+00
 153.540440   60.94724   -1.99830    35.2609    10.4029     0.5061  0.000e+00
 153.540556   60.94712   -1.99918    35.2612    10.4134     0.4995  0.000e+00
 153.540671   60.94698   -2.00006    35.2596    10.4301     0.4930  0.000e+00
 153.540787   60.94686   -2.00092    35.2562    10.4510     0.5061  0.000e+00
 153.540903   60.94674   -2.00180    35.2543    10.4638     0.5127  0.000e+00
 153.541019   60.94662   -2.00270    35.2548    10.4654     0.5127  0.000e+00
 153.541134   60.94648   -2.00358    35.2537    10.4622     0.5193  0.000e+00
 153.541250   60.94636   -2.00444    35.2534    10.4550     0.5259  0.000e+00
 153.541366   60.94624   -2.00532    35.2520    10.4510     0.5325  0.000e+00
 153.541481   60.94612   -2.00620    35.2507    10.4502     0.5325  0.000e+00
 153.541597   60.94598   -2.00708    35.2489    10.4542     0.5259  0.000e+00
 153.541713   60.94586   -2.00796    35.2466    10.4598     0.5259  0.000e+00
 153.541829   60.94574   -2.00884    35.2459    10.4670     0.5325  0.000e+00
 153.541944   60.94562   -2.00970    35.2439    10.4734     0.5325  0.000e+00
 153.542060   60.94548   -2.01058    35.2437    10.4758     0.5325  0.000e+00
 153.542176   60.94536   -2.01146    35.2437    10.4790     0.5325  0.000e+00
 153.542292   60.94524   -2.01232    35.2427    10.4822     0.5325  0.000e+00
 153.542407   60.94512   -2.01320    35.2417    10.4854     0.5325  0.000e+00
 153.542523   60.94498   -2.01408    35.2402    10.4935     0.5325  0.000e+00
 153.542639   60.94488   -2.01494    35.2388    10.5015     0.5325  0.000e+00
 153.542755   60.94474   -2.01580    35.2378    10.5078     0.5523  0.000e+00
 153.542870   60.94462   -2.01668    35.2365    10.5103     0.5721  0.000e+00
 153.542986   60.94450   -2.01756    35.2358    10.5175     0.5721  0.000e+00
 153.543102   60.94438   -2.01842    35.2343    10.5223     0.5721  0.000e+00
 153.543218   60.94426   -2.01926    35.2338    10.5239     0.5787  0.000e+00
 153.543333   60.94412   -2.02012    35.2321    10.5311     0.5919  0.000e+00
 153.543449   60.94400   -2.02096    35.2314    10.5382     0.5985  0.000e+00
 153.543565   60.94388   -2.02180    35.2315    10.5447     0.6050  0.000e+00
 153.543681   60.94374   -2.02266    35.2303    10.5534     0.6116  0.000e+00
 153.543796   60.94362   -2.02350    35.2297    10.5639     0.6050  0.000e+00
 153.543912   60.94350   -2.02436    35.2306    10.5727     0.6116  0.000e+00
 153.544028   60.94338   -2.02522    35.2299    10.5767     0.6182  0.000e+00
 153.544144   60.94326   -2.02608    35.2289    10.5799     0.6116  0.000e+00
 153.544259   60.94312   -2.02692    35.2294    10.5815     0.6050  0.000e+00
 153.544375   60.94300   -2.02778    35.2292    10.5838     0.6050  0.000e+00
 153.544491   60.94288   -2.02864    35.2305    10.5847     0.6050  0.000e+00
 153.544606   60.94276   -2.02950    35.2287    10.5886     0.6116  0.000e+00
 153.544722   60.94264   -2.03036    35.2283    10.5935     0.6050  0.000e+00
