ioos_qc/20210602.cnv
* Sea-Bird SBE 21 Data File:
* FileName = D:\SBE21data\2021105\20210602.hex
* Software Version Seasave V 7.21f
* Temperature SN = 3194
* Conductivity SN = 3194
* System UpLoad Time = Jun 02 2021 06:48:34
* NMEA Latitude = 61 01.8697 N
* NMEA Longitude = 000 03.9378 W
* NMEA UTC (Time) = none
** Ship: F/F "G. O. Sars"
** Cruise: 2021105
# nquan = 7
# nvalues = 6331                                  
# units = specified
# name 0 = timeJ: Julian Days
# name 1 = latitude: Latitude [deg]
# name 2 = longitude: Longitude [deg]
# name 3 = sal00: Salinity, Practical [PSU]
# name 4 = t090C: Temperature [ITS-90, deg C]
# name 5 = wetStar: Fluorescence, WET Labs WETstar [mg/m^3]
# name 6 = flag:  0.000e+00
# span 0 = 153.283727, 154.016366                 
# span 1 =   60.59332,   61.07908                 
# span 2 =   -5.62334,   -0.06742                 
# span 3 =    35.1763,    35.3121                 
# span 4 =     9.8942,    10.9316                 
# span 5 =     0.3941,     4.6336                 
# span 6 = 0.0000e+00, 0.0000e+00                 
# interval = seconds: 10
# start_time = Jun 02 2021 06:48:34 [System UTC, header]
# bad_flag = -9.990e-29
*END*
[from data line 1847]
 153.497500   60.98880   -1.67244    35.2260    10.3965     0.9479  0.000e+00
 153.497616   60.98870   -1.67332    35.2261    10.3997     0.9413  0.000e+00
 153.497731   60.98860   -1.67420    35.2253    10.4037     0.9479  0.000e+00
 153.497847   60.98850   -1.67510    35.2246    10.4077     0.9545  0.000e+00
 153.497963   60.98838   -1.67598    35.2257    10.4077     0.9677  0.000e+00
 153.498079   60.98826   -1.67686    35.2248    10.4085     0.9809  0.000e+00
 153.498194   60.98814   -1.67776    35.2252    10.4093     0.9941  0.000e+00
 153.498310   60.98804   -1.67864    35.2236    10.4109     1.0072  0.000e+00
 153.498426   60.98794   -1.67954    35.2241    10.4093     1.0072  0.000e+00
 153.498542   60.98784   -1.68042    35.2236    10.4109     0.9941  0.000e+00
 153.498657   60.98772   -1.68132    35.2221    10.4157     0.9743  0.000e+00
 153.498773   60.98762   -1.68222    35.2214    10.4197     0.9809  0.000e+00
 153.498889   60.98750   -1.68314    35.2208    10.4213     0.9941  0.000e+00
 153.499005   60.98740   -1.68404    35.2198    10.4245     0.9941  0.000e+00
 153.499120   60.98728   -1.68494    35.2193    10.4261     1.0006  0.000e+00
 153.499236   60.98716   -1.68582    35.2201    10.4254     1.0006  0.000e+00
 153.499352   60.98706   -1.68672    35.2193    10.4261     1.0006  0.000e+00
 153.499468   60.98694   -1.68762    35.2188    10.4245     0.9941  0.000e+00
 153.499583   60.98682   -1.68850    35.2178    10.4278     0.9941  0.000e+00
 153.499699   60.98670   -1.68938    35.2173    10.4294     0.9875  0.000e+00
 153.499815   60.98658   -1.69026    35.2180    10.4286     0.9809  0.000e+00
 153.499931   60.98648   -1.69116    35.2178    10.4278     0.9809  0.000e+00
 153.500046   60.98636   -1.69204    35.2176    10.4301     0.9743  0.000e+00
 153.500162   60.98626   -1.69296    35.2171    10.4317     0.9677  0.000e+00
 153.500278   60.98614   -1.69384    35.2150    10.4349     0.9743  0.000e+00
 153.500394   60.98604   -1.69472    35.2140    10.4382     0.9875  0.000e+00
 153.500509   60.98592   -1.69560    35.2135    10.4398     1.0006  0.000e+00
 153.500625   60.98580   -1.69646    35.2127    10.4406     1.0006  0.000e+00
 153.500741   60.98570   -1.69736    35.2124    10.4398     1.0204  0.000e+00
 153.500856   60.98558   -1.69820    35.2130    10.4382     1.0534  0.000e+00
 153.500972   60.98546   -1.69908    35.2126    10.4374     1.0468  0.000e+00
 153.501088   60.98536   -1.69996    35.2116    10.4374     1.0402  0.000e+00
 153.501204   60.98526   -1.70084    35.2119    10.4382     1.0204  0.000e+00
 153.501319   60.98514   -1.70172    35.2114    10.4398     1.0204  0.000e+00
 153.501435   60.98504   -1.70260    35.2106    10.4406     1.0270  0.000e+00
 153.501551   60.98494   -1.70350    35.2096    10.4438     1.0270  0.000e+00
 153.501667   60.98482   -1.70438    35.2096    10.4470     1.0402  0.000e+00
 153.501782   60.98472   -1.70526    35.2096    10.4470     1.0468  0.000e+00
 153.501898   60.98460   -1.70612    35.2110    10.4478     1.0402  0.000e+00
 153.502014   60.98448   -1.70700    35.2102    10.4486     1.0402  0.000e+00
 153.502130   60.98438   -1.70788    35.2105    10.4494     1.0138  0.000e+00
 153.502245   60.98426   -1.70878    35.2105    10.4526     1.0006  0.000e+00
 153.502361   60.98416   -1.70966    35.2100    10.4574     1.0006  0.000e+00
 153.502477   60.98404   -1.71054    35.2088    10.4598     1.0138  0.000e+00
 153.502593   60.98392   -1.71142    35.2085    10.4622     1.0138  0.000e+00
 153.502708   60.98380   -1.71232    35.2081    10.4638     1.0072  0.000e+00
 153.502824   60.98368   -1.71320    35.2083    10.4646     1.0138  0.000e+00
 153.502940   60.98358   -1.71408    35.2083    10.4614     1.0336  0.000e+00
 153.503056   60.98346   -1.71498    35.2088    10.4598     1.0270  0.000e+00
 153.503171   60.98336   -1.71586    35.2080    10.4606     1.0270  0.000e+00
 153.503287   60.98326   -1.71674    35.2083    10.4614     1.0204  0.000e+00
 153.503403   60.98314   -1.71762    35.2072    10.4646     1.0138  0.000e+00
 153.503519   60.98304   -1.71850    35.2076    10.4654     1.0270  0.000e+00
 153.503634   60.98292   -1.71934    35.2066    10.4686     1.0402  0.000e+00
 153.503750   60.98282   -1.72024    35.2068    10.4694     1.0468  0.000e+00
 153.503866   60.98270   -1.72110    35.2066    10.4686     1.0468  0.000e+00
 153.503981   60.98260   -1.72194    35.2068    10.4694     1.0468  0.000e+00
 153.504097   60.98250   -1.72280    35.2058    10.4726     1.0336  0.000e+00
 153.504213   60.98238   -1.72366    35.2071    10.4734     1.0534  0.000e+00
 153.504329   60.98228   -1.72452    35.2071    10.4734     1.0402  0.000e+00
 153.504444   60.98218   -1.72536    35.2084    10.4710     1.0534  0.000e+00
 153.504560   60.98208   -1.72622    35.2077    10.4718     1.0600  0.000e+00
 153.504676   60.98196   -1.72706    35.2076    10.4686     1.0732  0.000e+00
 153.504792   60.98186   -1.72792    35.2073    10.4710     1.0468  0.000e+00
 153.504907   60.98176   -1.72878    35.2068    10.4726     1.0336  0.000e+00
 153.505023   60.98166   -1.72966    35.2068    10.4726     1.0402  0.000e+00
 153.505139   60.98156   -1.73052    35.2071    10.4702     1.0468  0.000e+00
 153.505255   60.98146   -1.73138    35.2076    10.4686     1.0534  0.000e+00
 153.505370   60.98136   -1.73226    35.2071    10.4670     1.0468  0.000e+00
 153.505486   60.98126   -1.73314    35.2065    10.4654     1.0600  0.000e+00
 153.505602   60.98116   -1.73402    35.2081    10.4638     1.0468  0.000e+00
 153.505718   60.98106   -1.73490    35.2070    10.4638     1.0336  0.000e+00
 153.505833   60.98094   -1.73578    35.2067    10.4630     1.0402  0.000e+00
 153.505949   60.98084   -1.73666    35.2070    10.4606     1.0600  0.000e+00
 153.506065   60.98074   -1.73754    35.2074    10.4590     1.0534  0.000e+00
 153.506181   60.98064   -1.73844    35.2059    10.4606     1.0534  0.000e+00
 153.506296   60.98054   -1.73932    35.2062    10.4614     1.0402  0.000e+00
 153.506412   60.98042   -1.74020    35.2054    10.4622     1.0402  0.000e+00
 153.506528   60.98032   -1.74110    35.2059    10.4606     1.0402  0.000e+00
 153.506644   60.98022   -1.74198    35.2061    10.4582     1.0336  0.000e+00
 153.506759   60.98012   -1.74288    35.2061    10.4582     1.0402  0.000e+00
 153.506875   60.98000   -1.74376    35.2061    10.4582     1.0600  0.000e+00
 153.506991   60.97990   -1.74464    35.2041    10.4614     1.0666  0.000e+00
 153.507106   60.97980   -1.74552    35.2033    10.4622     1.0732  0.000e+00
 153.507222   60.97968   -1.74640    35.2041    10.4614     1.0732  0.000e+00
 153.507338   60.97956   -1.74730    35.2041    10.4614     1.0666  0.000e+00
 153.507454   60.97946   -1.74812    35.2033    10.4622     1.0534  0.000e+00
 153.507569   60.97936   -1.74896    35.2041    10.4614     1.0468  0.000e+00
 153.507685   60.97924   -1.74982    35.2037    10.4574     1.0402  0.000e+00
 153.507801   60.97914   -1.75068    35.2042    10.4558     1.0534  0.000e+00
 153.507917   60.97904   -1.75154    35.2037    10.4574     1.0336  0.000e+00
 153.508032   60.97892   -1.75240    35.2030    10.4582     1.0534  0.000e+00
 153.508148   60.97882   -1.75326    35.2042    10.4558     1.0666  0.000e+00
 153.508264   60.97872   -1.75412    35.2050    10.4550     1.0534  0.000e+00
 153.508380   60.97862   -1.75496    35.2071    10.4518     1.0666  0.000e+00
 153.508495   60.97852   -1.75584    35.2071    10.4486     1.0798  0.000e+00
 153.508611   60.97842   -1.75670    35.2063    10.4494     1.0995  0.000e+00
 153.508727   60.97832   -1.75758    35.2047    10.4510     1.1061  0.000e+00
 153.508843   60.97820   -1.75844    35.2016    10.4542     1.1259  0.000e+00
 153.508958   60.97810   -1.75932    35.2000    10.4558     1.1457  0.000e+00
 153.509074   60.97800   -1.76020    35.1982    10.4566     1.1325  0.000e+00
 153.509190   60.97790   -1.76110    35.1972    10.4598     1.1061  0.000e+00
 153.509306   60.97778   -1.76196    35.1967    10.4614     1.1127  0.000e+00
 153.509421   60.97768   -1.76286    35.1960    10.4622     1.1127  0.000e+00
 153.509537   60.97758   -1.76372    35.1960    10.4622     1.1259  0.000e+00
 153.509653   60.97748   -1.76462    35.1969    10.4590     1.1193  0.000e+00
 153.509769   60.97738   -1.76550    35.1974    10.4574     1.1259  0.000e+00
 153.509884   60.97726   -1.76640    35.1977    10.4550     1.1325  0.000e+00
 153.510000   60.97718   -1.76728    35.1979    10.4526     1.1325  0.000e+00
 153.510116   60.97706   -1.76818    35.1997    10.4486     1.1457  0.000e+00
 153.510231   60.97696   -1.76906    35.1987    10.4486     1.1391  0.000e+00
 153.510347   60.97686   -1.76996    35.1987    10.4486     1.1391  0.000e+00
 153.510463   60.97676   -1.77086    35.1976    10.4518     1.1127  0.000e+00
 153.510579   60.97666   -1.77176    35.1979    10.4526     1.1127  0.000e+00
 153.510694   60.97654   -1.77266    35.1989    10.4494     1.1193  0.000e+00
 153.510810   60.97644   -1.77356    35.1994    10.4478     1.1193  0.000e+00
 153.510926   60.97634   -1.77446    35.1984    10.4510     1.1127  0.000e+00
 153.511042   60.97624   -1.77534    35.1987    10.4518     1.1193  0.000e+00
 153.511157   60.97614   -1.77624    35.2003    10.4502     1.1193  0.000e+00
 153.511273   60.97602   -1.77712    35.2010    10.4494     1.1061  0.000e+00
 153.511389   60.97592   -1.77802    35.2005    10.4510     1.0995  0.000e+00
 153.511505   60.97580   -1.77892    35.2003    10.4502     1.0995  0.000e+00
 153.511620   60.97570   -1.77978    35.2018    10.4486     1.0864  0.000e+00
 153.511736   60.97560   -1.78066    35.2010    10.4494     1.0798  0.000e+00
 153.511852   60.97550   -1.78154    35.1989    10.4526     1.0798  0.000e+00
 153.511968   60.97540   -1.78242    35.1989    10.4526     1.0864  0.000e+00
 153.512083   60.97528   -1.78330    35.1989    10.4526     1.0930  0.000e+00
 153.512199   60.97518   -1.78420    35.2012    10.4470     1.0798  0.000e+00
 153.512315   60.97508   -1.78510    35.2055    10.4349     1.0732  0.000e+00
 153.512431   60.97498   -1.78598    35.2078    10.4261     1.0666  0.000e+00
 153.512546   60.97488   -1.78686    35.2072    10.4245     1.0666  0.000e+00
 153.512662   60.97478   -1.78776    35.2064    10.4254     1.0666  0.000e+00
 153.512778   60.97468   -1.78862    35.2057    10.4261     1.0666  0.000e+00
 153.512894   60.97458   -1.78948    35.2048    10.4238     1.0600  0.000e+00
 153.513009   60.97448   -1.79036    35.2058    10.4206     1.0600  0.000e+00
 153.513125   60.97438   -1.79124    35.2048    10.4206     1.0534  0.000e+00
 153.513241   60.97428   -1.79212    35.2035    10.4229     1.0732  0.000e+00
 153.513356   60.97420   -1.79300    35.2035    10.4229     1.0600  0.000e+00
 153.513472   60.97410   -1.79388    35.2035    10.4197     1.0666  0.000e+00
 153.513588   60.97400   -1.79476    35.2050    10.4149     1.0600  0.000e+00
 153.513704   60.97390   -1.79564    35.2057    10.4109     1.0468  0.000e+00
 153.513819   60.97380   -1.79652    35.2054    10.4101     1.0468  0.000e+00
 153.513935   60.97370   -1.79742    35.2067    10.4077     1.0468  0.000e+00
 153.514051   60.97360   -1.79830    35.2059    10.4085     1.0468  0.000e+00
 153.514167   60.97350   -1.79918    35.2047    10.4109     1.0468  0.000e+00
 153.514282   60.97340   -1.80006    35.2059    10.4085     1.0402  0.000e+00
 153.514398   60.97328   -1.80094    35.2062    10.4061     1.0336  0.000e+00
 153.514514   60.97320   -1.80180    35.2059    10.4053     1.0402  0.000e+00
 153.514630   60.97308   -1.80266    35.2057    10.4077     1.0402  0.000e+00
 153.514745   60.97298   -1.80354    35.2044    10.4134     1.0336  0.000e+00
 153.514861   60.97290   -1.80442    35.2031    10.4157     1.0270  0.000e+00
 153.514977   60.97280   -1.80526    35.2035    10.4197     1.0270  0.000e+00
 153.515093   60.97272   -1.80614    35.2030    10.4213     1.0402  0.000e+00
 153.515208   60.97260   -1.80700    35.2050    10.4181     1.0270  0.000e+00
 153.515324   60.97252   -1.80786    35.2053    10.4157     1.0006  0.000e+00
 153.515440   60.97242   -1.80874    35.2079    10.4141     0.9875  0.000e+00
 153.515556   60.97232   -1.80962    35.2094    10.4093     0.9809  0.000e+00
 153.515671   60.97222   -1.81048    35.2125    10.4029     0.9677  0.000e+00
 153.515787   60.97212   -1.81136    35.2132    10.3989     0.9545  0.000e+00
 153.515903   60.97202   -1.81224    35.2139    10.3981     0.9479  0.000e+00
 153.516019   60.97192   -1.81314    35.2125    10.4029     0.9347  0.000e+00
 153.516134   60.97182   -1.81404    35.2120    10.4077     0.9347  0.000e+00
 153.516250   60.97172   -1.81490    35.2135    10.4061     0.9281  0.000e+00
 153.516366   60.97162   -1.81580    35.2154    10.4053     0.9149  0.000e+00
 153.516481   60.97152   -1.81668    35.2180    10.4037     0.8952  0.000e+00
 153.516597   60.97142   -1.81758    35.2180    10.4037     0.9149  0.000e+00
 153.516713   60.97134   -1.81846    35.2195    10.4021     0.9149  0.000e+00
 153.516829   60.97124   -1.81938    35.2244    10.3949     0.8952  0.000e+00
 153.516944   60.97114   -1.82026    35.2268    10.3925     0.8820  0.000e+00
 153.517060   60.97102   -1.82116    35.2280    10.3901     0.8754  0.000e+00
 153.517176   60.97092   -1.82206    35.2283    10.3909     0.8556  0.000e+00
 153.517292   60.97082   -1.82296    35.2265    10.3949     0.8556  0.000e+00
 153.517407   60.97070   -1.82386    35.2250    10.3997     0.8688  0.000e+00
 153.517523   60.97060   -1.82476    35.2258    10.3989     0.8688  0.000e+00
 153.517639   60.97050   -1.82564    35.2320    10.3893     0.8490  0.000e+00
 153.517755   60.97042   -1.82652    35.2356    10.3844     0.8160  0.000e+00
 153.517870   60.97032   -1.82742    35.2341    10.3893     0.8028  0.000e+00
 153.517986   60.97022   -1.82830    35.2321    10.3957     0.8094  0.000e+00
 153.518102   60.97010   -1.82918    35.2334    10.3965     0.7897  0.000e+00
 153.518218   60.97000   -1.83006    35.2347    10.3973     0.7831  0.000e+00
 153.518333   60.96990   -1.83092    35.2329    10.4013     0.7897  0.000e+00
 153.518449   60.96980   -1.83178    35.2358    10.4005     0.7765  0.000e+00
 153.518565   60.96970   -1.83268    35.2372    10.4013     0.7765  0.000e+00
 153.518681   60.96960   -1.83354    35.2385    10.4021     0.7699  0.000e+00
 153.518796   60.96952   -1.83440    35.2405    10.4021     0.7567  0.000e+00
 153.518912   60.96942   -1.83528    35.2424    10.4013     0.7501  0.000e+00
 153.519028   60.96932   -1.83616    35.2437    10.3989     0.7567  0.000e+00
 153.519144   60.96920   -1.83706    35.2432    10.4005     0.7501  0.000e+00
 153.519259   60.96910   -1.83792    35.2456    10.4013     0.7435  0.000e+00
 153.519375   60.96900   -1.83882    35.2468    10.3989     0.7237  0.000e+00
 153.519491   60.96890   -1.83970    35.2492    10.3965     0.7303  0.000e+00
 153.519606   60.96880   -1.84060    35.2510    10.3957     0.7237  0.000e+00
 153.519722   60.96870   -1.84148    35.2531    10.3925     0.7171  0.000e+00
 153.519838   60.96860   -1.84238    35.2564    10.3901     0.7039  0.000e+00
 153.519954   60.96850   -1.84328    35.2588    10.3876     0.6908  0.000e+00
 153.520069   60.96840   -1.84418    35.2621    10.3820     0.6710  0.000e+00
 153.520185   60.96830   -1.84506    35.2627    10.3804     0.6578  0.000e+00
 153.520301   60.96818   -1.84598    35.2629    10.3813     0.6512  0.000e+00
 153.520417   60.96808   -1.84686    35.2634    10.3829     0.6446  0.000e+00
 153.520532   60.96798   -1.84776    35.2642    10.3788     0.6578  0.000e+00
 153.520648   60.96786   -1.84866    35.2650    10.3781     0.6512  0.000e+00
 153.520764   60.96776   -1.84956    35.2655    10.3765     0.6446  0.000e+00
 153.520880   60.96764   -1.85044    35.2649    10.3748     0.6446  0.000e+00
 153.520995   60.96754   -1.85136    35.2654    10.3732     0.6446  0.000e+00
