ioos_qc/20210602.cnv
* Sea-Bird SBE 21 Data File:
* FileName = D:\SBE21data\2021105\20210602.hex
* Software Version Seasave V 7.21f
* Temperature SN = 3194
* Conductivity SN = 3194
* System UpLoad Time = Jun 02 2021 06:48:34
* NMEA Latitude = 61 01.8697 N
* NMEA Longitude = 000 03.9378 W
* NMEA UTC (Time) = none
** Ship: F/F "G. O. Sars"
** Cruise: 2021105
# nquan = 7
# nvalues = 6331                                  
# units = specified
# name 0 = timeJ: Julian Days
# name 1 = latitude: Latitude [deg]
# name 2 = longitude: Longitude [deg]
# name 3 = sal00: Salinity, Practical [PSU]
# name 4 = t090C: Temperature [ITS-90, deg C]
# name 5 = wetStar: Fluorescence, WET Labs WETstar [mg/m^3]
# name 6 = flag:  0.000e+00
# span 0 = 153.283727, 154.016366                 
# span 1 =   60.59332,   61.07908                 
# span 2 =   -5.62334,   -0.06742                 
# span 3 =    35.1763,    35.3121                 
# span 4 =     9.8942,    10.9316                 
# span 5 =     0.3941,     4.6336                 
# span 6 = 0.0000e+00, 0.0000e+00                 
# interval = seconds: 10
# start_time = Jun 02 2021 06:48:34 [System UTC, header]
# bad_flag = -9.990e-29
*END*
[from data line 3898]
 153.734884   60.80208   -3.43314    35.2454    10.0782     0.7501  0.000e+00
 153.735000   60.80198   -3.43408    35.2459    10.0766     0.7435  0.000e+00
 153.735116   60.80188   -3.43500    35.2464    10.0749     0.7435  0.000e+00
 153.735231   60.80180   -3.43592    35.2456    10.0726     0.7501  0.000e+00
 153.735347   60.80170   -3.43684    35.2455    10.0693     0.7435  0.000e+00
 153.735463   60.80160   -3.43778    35.2444    10.0661     0.7369  0.000e+00
 153.735579   60.80152   -3.43870    35.2447    10.0636     0.7501  0.000e+00
 153.735694   60.80144   -3.43962    35.2452    10.0621     0.7435  0.000e+00
 153.735810   60.80134   -3.44058    35.2452    10.0621     0.7303  0.000e+00
 153.735926   60.80126   -3.44150    35.2449    10.0580     0.7303  0.000e+00
 153.736042   60.80116   -3.44242    35.2449    10.0548     0.7435  0.000e+00
 153.736157   60.80106   -3.44338    35.2435    10.0540     0.7369  0.000e+00
 153.736273   60.80096   -3.44430    35.2448    10.0516     0.7303  0.000e+00
 153.736389   60.80086   -3.44524    35.2448    10.0483     0.7369  0.000e+00
 153.736505   60.80076   -3.44620    35.2447    10.0452     0.7369  0.000e+00
 153.736620   60.80066   -3.44714    35.2442    10.0435     0.7369  0.000e+00
 153.736736   60.80056   -3.44810    35.2445    10.0411     0.7369  0.000e+00
 153.736852   60.80048   -3.44906    35.2442    10.0403     0.7435  0.000e+00
 153.736968   60.80038   -3.45000    35.2442    10.0403     0.7435  0.000e+00
 153.737083   60.80028   -3.45094    35.2444    10.0379     0.7501  0.000e+00
 153.737199   60.80018   -3.45188    35.2436    10.0355     0.7435  0.000e+00
 153.737315   60.80010   -3.45280    35.2430    10.0338     0.7435  0.000e+00
 153.737431   60.80000   -3.45374    35.2448    10.0298     0.7501  0.000e+00
 153.737546   60.79990   -3.45466    35.2435    10.0290     0.7699  0.000e+00
 153.737662   60.79980   -3.45558    35.2430    10.0274     0.7567  0.000e+00
 153.737778   60.79970   -3.45652    35.2440    10.0241     0.7633  0.000e+00
 153.737894   60.79962   -3.45746    35.2435    10.0225     0.7633  0.000e+00
 153.738009   60.79952   -3.45838    35.2429    10.0209     0.7633  0.000e+00
 153.738125   60.79942   -3.45932    35.2435    10.0193     0.7567  0.000e+00
 153.738241   60.79932   -3.46028    35.2426    10.0169     0.7567  0.000e+00
 153.738356   60.79922   -3.46120    35.2423    10.0161     0.7501  0.000e+00
 153.738472   60.79914   -3.46216    35.2420    10.0153     0.7501  0.000e+00
 153.738588   60.79904   -3.46310    35.2428    10.0113     0.7501  0.000e+00
 153.738704   60.79894   -3.46402    35.2428    10.0080     0.7501  0.000e+00
 153.738819   60.79884   -3.46496    35.2422    10.0097     0.7633  0.000e+00
 153.738935   60.79874   -3.46590    35.2420    10.0056     0.7765  0.000e+00
 153.739051   60.79866   -3.46684    35.2420    10.0024     0.7765  0.000e+00
 153.739167   60.79856   -3.46778    35.2414    10.0008     0.7963  0.000e+00
 153.739282   60.79846   -3.46870    35.2424     9.9976     0.7963  0.000e+00
 153.739398   60.79834   -3.46966    35.2421     9.9935     0.8028  0.000e+00
 153.739514   60.79824   -3.47060    35.2418     9.9927     0.8226  0.000e+00
 153.739630   60.79814   -3.47156    35.2421     9.9903     0.8160  0.000e+00
 153.739745   60.79804   -3.47250    35.2407     9.9895     0.8226  0.000e+00
 153.739861   60.79794   -3.47348    35.2410     9.9903     0.8226  0.000e+00
 153.739977   60.79784   -3.47446    35.2407     9.9863     0.8292  0.000e+00
 153.740093   60.79774   -3.47540    35.2414     9.9822     0.8358  0.000e+00
 153.740208   60.79762   -3.47636    35.2412     9.9814     0.8490  0.000e+00
 153.740324   60.79752   -3.47734    35.2414     9.9790     0.8490  0.000e+00
 153.740440   60.79740   -3.47828    35.2398     9.9774     0.8556  0.000e+00
 153.740556   60.79728   -3.47922    35.2401     9.9749     0.8556  0.000e+00
 153.740671   60.79718   -3.48018    35.2398     9.9742     0.8490  0.000e+00
 153.740787   60.79708   -3.48114    35.2392     9.9725     0.8424  0.000e+00
 153.740903   60.79698   -3.48208    35.2403     9.9693     0.8490  0.000e+00
 153.741019   60.79686   -3.48300    35.2397     9.9644     0.8556  0.000e+00
 153.741134   60.79676   -3.48394    35.2386     9.9612     0.8622  0.000e+00
 153.741250   60.79666   -3.48490    35.2388     9.9621     0.8622  0.000e+00
 153.741366   60.79654   -3.48582    35.2393     9.9604     0.8688  0.000e+00
 153.741481   60.79644   -3.48676    35.2383     9.9604     0.8622  0.000e+00
 153.741597   60.79632   -3.48774    35.2386     9.9612     0.8622  0.000e+00
 153.741713   60.79622   -3.48870    35.2386     9.9612     0.8490  0.000e+00
 153.741829   60.79612   -3.48964    35.2388     9.9588     0.8490  0.000e+00
 153.741944   60.79602   -3.49062    35.2383     9.9572     0.8424  0.000e+00
 153.742060   60.79590   -3.49158    35.2374     9.9548     0.8292  0.000e+00
 153.742176   60.79578   -3.49256    35.2374     9.9483     0.8292  0.000e+00
 153.742292   60.79568   -3.49352    35.2376     9.9426     0.8358  0.000e+00
 153.742407   60.79556   -3.49450    35.2362     9.9386     0.8358  0.000e+00
 153.742523   60.79544   -3.49550    35.2369     9.9346     0.8226  0.000e+00
 153.742639   60.79532   -3.49646    35.2362     9.9322     0.8160  0.000e+00
 153.742755   60.79520   -3.49742    35.2353     9.9298     0.8226  0.000e+00
 153.742870   60.79510   -3.49840    35.2348     9.9281     0.8292  0.000e+00
 153.742986   60.79498   -3.49938    35.2347     9.9249     0.8226  0.000e+00
 153.743102   60.79486   -3.50034    35.2342     9.9233     0.8292  0.000e+00
 153.743218   60.79474   -3.50132    35.2336     9.9217     0.8226  0.000e+00
 153.743333   60.79464   -3.50230    35.2333     9.9209     0.8226  0.000e+00
 153.743449   60.79452   -3.50328    35.2336     9.9184     0.8292  0.000e+00
 153.743565   60.79442   -3.50424    35.2322     9.9112     0.8292  0.000e+00
 153.743681   60.79430   -3.50518    35.2319     9.9072     0.8160  0.000e+00
 153.743796   60.79418   -3.50612    35.2314     9.9088     0.8094  0.000e+00
 153.743912   60.79406   -3.50708    35.2316     9.9031     0.8160  0.000e+00
 153.744028   60.79394   -3.50804    35.2316     9.8998     0.8094  0.000e+00
 153.744144   60.79384   -3.50900    35.2305     9.8998     0.8028  0.000e+00
 153.744259   60.79374   -3.50994    35.2278     9.8982     0.7963  0.000e+00
 153.744375   60.79362   -3.51090    35.2275     9.8942     0.7963  0.000e+00
 153.744491   60.79352   -3.51186    35.2264     9.8942     0.7897  0.000e+00
 153.744606   60.79340   -3.51284    35.2259     9.8958     0.7831  0.000e+00
 153.744722   60.79330   -3.51380    35.2257     9.8982     0.7699  0.000e+00
 153.744838   60.79318   -3.51476    35.2252     9.9031     0.7633  0.000e+00
 153.744954   60.79306   -3.51572    35.2244     9.9072     0.7633  0.000e+00
 153.745069   60.79294   -3.51668    35.2245     9.9103     0.7567  0.000e+00
 153.745185   60.79282   -3.51766    35.2237     9.9144     0.7567  0.000e+00
 153.745301   60.79270   -3.51862    35.2243     9.9160     0.7501  0.000e+00
 153.745417   60.79256   -3.51960    35.2240     9.9184     0.7567  0.000e+00
 153.745532   60.79246   -3.52056    35.2241     9.9217     0.7567  0.000e+00
 153.745648   60.79234   -3.52154    35.2241     9.9249     0.7633  0.000e+00
 153.745764   60.79222   -3.52252    35.2247     9.9265     0.7567  0.000e+00
 153.745880   60.79210   -3.52350    35.2250     9.9273     0.7633  0.000e+00
 153.745995   60.79198   -3.52450    35.2257     9.9298     0.7633  0.000e+00
 153.746111   60.79184   -3.52548    35.2258     9.9330     0.7699  0.000e+00
 153.746227   60.79172   -3.52650    35.2261     9.9370     0.7699  0.000e+00
 153.746343   60.79160   -3.52750    35.2267     9.9386     0.7699  0.000e+00
 153.746458   60.79148   -3.52848    35.2256     9.9419     0.7699  0.000e+00
 153.746574   60.79134   -3.52952    35.2267     9.9451     0.7699  0.000e+00
 153.746690   60.79122   -3.53048    35.2267     9.9483     0.7633  0.000e+00
 153.746806   60.79110   -3.53150    35.2260     9.9523     0.7567  0.000e+00
 153.746921   60.79098   -3.53248    35.2276     9.9540     0.7567  0.000e+00
 153.747037   60.79086   -3.53346    35.2281     9.9556     0.7567  0.000e+00
 153.747153   60.79074   -3.53444    35.2289     9.9548     0.7633  0.000e+00
 153.747269   60.79060   -3.53542    35.2276     9.9572     0.7765  0.000e+00
 153.747384   60.79048   -3.53642    35.2292     9.9588     0.7831  0.000e+00
 153.747500   60.79036   -3.53742    35.2295     9.9596     0.7897  0.000e+00
 153.747616   60.79024   -3.53840    35.2296     9.9628     0.7963  0.000e+00
 153.747731   60.79012   -3.53940    35.2309     9.9637     0.8028  0.000e+00
 153.747847   60.79000   -3.54038    35.2312     9.9644     0.8094  0.000e+00
 153.747963   60.78986   -3.54138    35.2317     9.9661     0.8028  0.000e+00
 153.748079   60.78974   -3.54236    35.2317     9.9693     0.8094  0.000e+00
 153.748194   60.78960   -3.54338    35.2328     9.9725     0.8094  0.000e+00
 153.748310   60.78948   -3.54436    35.2337     9.9749     0.8160  0.000e+00
 153.748426   60.78934   -3.54534    35.2339     9.9790     0.8226  0.000e+00
 153.748542   60.78922   -3.54632    35.2343     9.9798     0.8292  0.000e+00
 153.748657   60.78910   -3.54730    35.2359     9.9814     0.8292  0.000e+00
 153.748773   60.78896   -3.54824    35.2351     9.9855     0.8358  0.000e+00
 153.748889   60.78884   -3.54922    35.2351     9.9886     0.8358  0.000e+00
 153.749005   60.78870   -3.55020    35.2368     9.9903     0.8358  0.000e+00
 153.749120   60.78858   -3.55116    35.2365     9.9927     0.8292  0.000e+00
 153.749236   60.78844   -3.55214    35.2365     9.9960     0.8358  0.000e+00
 153.749352   60.78832   -3.55314    35.2365     9.9960     0.8424  0.000e+00
 153.749468   60.78818   -3.55412    35.2371     9.9976     0.8556  0.000e+00
 153.749583   60.78806   -3.55510    35.2374    10.0016     0.8490  0.000e+00
 153.749699   60.78794   -3.55610    35.2374    10.0048     0.8424  0.000e+00
 153.749815   60.78782   -3.55710    35.2385    10.0048     0.8490  0.000e+00
 153.749931   60.78770   -3.55808    35.2383    10.0072     0.8556  0.000e+00
 153.750046   60.78756   -3.55906    35.2385    10.0080     0.8556  0.000e+00
 153.750162   60.78744   -3.56008    35.2394    10.0104     0.8556  0.000e+00
 153.750278   60.78730   -3.56108    35.2391    10.0129     0.8688  0.000e+00
 153.750394   60.78718   -3.56204    35.2412    10.0129     0.8754  0.000e+00
 153.750509   60.78706   -3.56304    35.2407    10.0145     0.8754  0.000e+00
 153.750625   60.78692   -3.56400    35.2412    10.0161     0.8754  0.000e+00
 153.750741   60.78680   -3.56500    35.2413    10.0193     0.8820  0.000e+00
 153.750856   60.78668   -3.56596    35.2413    10.0193     0.9017  0.000e+00
 153.750972   60.78656   -3.56692    35.2424    10.0193     0.9083  0.000e+00
 153.751088   60.78644   -3.56790    35.2414    10.0225     0.9083  0.000e+00
 153.751204   60.78630   -3.56882    35.2419    10.0274     0.9149  0.000e+00
 153.751319   60.78618   -3.56978    35.2427    10.0234     0.9281  0.000e+00
 153.751435   60.78606   -3.57074    35.2429    10.0209     0.9215  0.000e+00
 153.751551   60.78594   -3.57172    35.2432    10.0218     0.9215  0.000e+00
 153.751667   60.78582   -3.57270    35.2435    10.0225     0.9215  0.000e+00
 153.751782   60.78570   -3.57364    35.2432    10.0250     0.9347  0.000e+00
 153.751898   60.78556   -3.57462    35.2435    10.0258     0.9347  0.000e+00
 153.752014   60.78544   -3.57558    35.2446    10.0258     0.9479  0.000e+00
 153.752130   60.78530   -3.57654    35.2435    10.0258     0.9413  0.000e+00
 153.752245   60.78518   -3.57752    35.2451    10.0241     0.9479  0.000e+00
 153.752361   60.78506   -3.57850    35.2453    10.0250     0.9677  0.000e+00
 153.752477   60.78492   -3.57950    35.2448    10.0266     0.9611  0.000e+00
 153.752593   60.78480   -3.58048    35.2443    10.0282     0.9677  0.000e+00
 153.752708   60.78470   -3.58148    35.2446    10.0290     0.9677  0.000e+00
 153.752824   60.78456   -3.58246    35.2452    10.0306     0.9743  0.000e+00
 153.752940   60.78444   -3.58338    35.2457    10.0322     0.9743  0.000e+00
 153.753056   60.78432   -3.58436    35.2455    10.0346     0.9743  0.000e+00
 153.753171   60.78418   -3.58528    35.2460    10.0362     0.9941  0.000e+00
 153.753287   60.78408   -3.58622    35.2468    10.0355     1.0270  0.000e+00
 153.753403   60.78396   -3.58716    35.2473    10.0338     1.0402  0.000e+00
 153.753519   60.78382   -3.58808    35.2473    10.0338     1.0468  0.000e+00
 153.753634   60.78372   -3.58902    35.2478    10.0322     1.0600  0.000e+00
 153.753750   60.78358   -3.58996    35.2476    10.0346     1.0402  0.000e+00
 153.753866   60.78348   -3.59092    35.2473    10.0338     1.0468  0.000e+00
 153.753981   60.78334   -3.59188    35.2478    10.0355     1.0402  0.000e+00
 153.754097   60.78320   -3.59286    35.2481    10.0362     1.0402  0.000e+00
 153.754213   60.78308   -3.59386    35.2487    10.0379     1.0402  0.000e+00
 153.754329   60.78296   -3.59484    35.2481    10.0395     1.0468  0.000e+00
 153.754444   60.78284   -3.59582    35.2481    10.0395     1.0402  0.000e+00
 153.754560   60.78270   -3.59682    35.2484    10.0403     1.0336  0.000e+00
 153.754676   60.78258   -3.59782    35.2495    10.0403     1.0468  0.000e+00
 153.754792   60.78244   -3.59882    35.2489    10.0419     1.0534  0.000e+00
 153.754907   60.78232   -3.59982    35.2498    10.0411     1.0534  0.000e+00
 153.755023   60.78218   -3.60082    35.2493    10.0427     1.0732  0.000e+00
 153.755139   60.78206   -3.60184    35.2495    10.0435     1.0798  0.000e+00
 153.755255   60.78194   -3.60286    35.2501    10.0452     1.0534  0.000e+00
 153.755370   60.78178   -3.60386    35.2498    10.0475     1.0468  0.000e+00
 153.755486   60.78164   -3.60488    35.2501    10.0483     1.0600  0.000e+00
 153.755602   60.78150   -3.60590    35.2504    10.0492     1.0930  0.000e+00
 153.755718   60.78138   -3.60690    35.2517    10.0499     1.0995  0.000e+00
 153.755833   60.78124   -3.60792    35.2512    10.0516     1.1127  0.000e+00
 153.755949   60.78112   -3.60890    35.2520    10.0540     1.1325  0.000e+00
 153.756065   60.78096   -3.60990    35.2520    10.0572     1.1391  0.000e+00
 153.756181   60.78084   -3.61090    35.2531    10.0572     1.1655  0.000e+00
 153.756296   60.78068   -3.61192    35.2539    10.0596     1.1589  0.000e+00
 153.756412   60.78056   -3.61292    35.2536    10.0621     1.1655  0.000e+00
 153.756528   60.78042   -3.61390    35.2540    10.0661     1.1853  0.000e+00
 153.756644   60.78030   -3.61488    35.2545    10.0677     1.1985  0.000e+00
 153.756759   60.78016   -3.61586    35.2556    10.0677     1.2116  0.000e+00
 153.756875   60.78004   -3.61686    35.2554    10.0701     1.1985  0.000e+00
 153.756991   60.77990   -3.61786    35.2540    10.0726     1.1721  0.000e+00
 153.757106   60.77978   -3.61884    35.2551    10.0726     1.1787  0.000e+00
 153.757222   60.77966   -3.61982    35.2551    10.0726     1.1919  0.000e+00
 153.757338   60.77954   -3.62084    35.2551    10.0726     1.1787  0.000e+00
 153.757454   60.77942   -3.62184    35.2557    10.0742     1.1787  0.000e+00
 153.757569   60.77930   -3.62284    35.2554    10.0733     1.1919  0.000e+00
 153.757685   60.77918   -3.62384    35.2557    10.0742     1.1787  0.000e+00
 153.757801   60.77906   -3.62484    35.2557    10.0742     1.1919  0.000e+00
 153.757917   60.77892   -3.62584    35.2572    10.0758     1.1919  0.000e+00
 153.758032   60.77880   -3.62682    35.2565    10.0766     1.1655  0.000e+00
 153.758148   60.77866   -3.62782    35.2565    10.0766     1.1457  0.000e+00
 153.758264   60.77854   -3.62884    35.2557    10.0774     1.1721  0.000e+00
 153.758380   60.77840   -3.62986    35.2570    10.0782     1.1721  0.000e+00
