ioos_qc/20210602.cnv
* Sea-Bird SBE 21 Data File:
* FileName = D:\SBE21data\2021105\20210602.hex
* Software Version Seasave V 7.21f
* Temperature SN = 3194
* Conductivity SN = 3194
* System UpLoad Time = Jun 02 2021 06:48:34
* NMEA Latitude = 61 01.8697 N
* NMEA Longitude = 000 03.9378 W
* NMEA UTC (Time) = none
** Ship: F/F "G. O. Sars"
** Cruise: 2021105
# nquan = 7
# nvalues = 6331                                  
# units = specified
# name 0 = timeJ: Julian Days
# name 1 = latitude: Latitude [deg]
# name 2 = longitude: Longitude [deg]
# name 3 = sal00: Salinity, Practical [PSU]
# name 4 = t090C: Temperature [ITS-90, deg C]
# name 5 = wetStar: Fluorescence, WET Labs WETstar [mg/m^3]
# name 6 = flag:  0.000e+00
# span 0 = 153.283727, 154.016366                 
# span 1 =   60.59332,   61.07908                 
# span 2 =   -5.62334,   -0.06742                 
# span 3 =    35.1763,    35.3121                 
# span 4 =     9.8942,    10.9316                 
# span 5 =     0.3941,     4.6336                 
# span 6 = 0.0000e+00, 0.0000e+00                 
# interval = seconds: 10
# start_time = Jun 02 2021 06:48:34 [System UTC, header]
# bad_flag = -9.990e-29
*END*
[from data line 3488]
 153.687431   60.83348   -3.06938    35.2867    10.2994     0.9017  0.000e+00
 153.687546   60.83340   -3.07032    35.2862    10.2978     0.8820  0.000e+00
 153.687662   60.83336   -3.07108    35.2862    10.2978     0.8886  0.000e+00
 153.687778   60.83328   -3.07194    35.2848    10.2970     0.8952  0.000e+00
 153.687894   60.83322   -3.07282    35.2859    10.2970     0.9017  0.000e+00
 153.688009   60.83314   -3.07368    35.2856    10.2962     0.8952  0.000e+00
 153.688125   60.83308   -3.07454    35.2856    10.2962     0.8886  0.000e+00
 153.688241   60.83300   -3.07550    35.2851    10.2978     0.8754  0.000e+00
 153.688356   60.83294   -3.07628    35.2851    10.2978     0.8820  0.000e+00
 153.688472   60.83288   -3.07714    35.2856    10.2929     0.8886  0.000e+00
 153.688588   60.83282   -3.07802    35.2850    10.2882     0.8820  0.000e+00
 153.688704   60.83274   -3.07888    35.2852    10.2857     0.8754  0.000e+00
 153.688819   60.83268   -3.07972    35.2855    10.2833     0.8688  0.000e+00
 153.688935   60.83260   -3.08068    35.2849    10.2785     0.8688  0.000e+00
 153.689051   60.83254   -3.08144    35.2853    10.2737     0.8688  0.000e+00
 153.689167   60.83248   -3.08230    35.2853    10.2705     0.8622  0.000e+00
 153.689282   60.83238   -3.08316    35.2848    10.2688     0.8622  0.000e+00
 153.689398   60.83232   -3.08400    35.2837    10.2688     0.8622  0.000e+00
 153.689514   60.83226   -3.08484    35.2845    10.2681     0.8490  0.000e+00
 153.689630   60.83216   -3.08578    35.2837    10.2688     0.8358  0.000e+00
 153.689745   60.83210   -3.08654    35.2845    10.2681     0.8292  0.000e+00
 153.689861   60.83204   -3.08738    35.2826    10.2656     0.8358  0.000e+00
 153.689977   60.83196   -3.08822    35.2832    10.2672     0.8424  0.000e+00
 153.690093   60.83188   -3.08908    35.2834    10.2681     0.8556  0.000e+00
 153.690208   60.83182   -3.08994    35.2843    10.2672     0.8490  0.000e+00
 153.690324   60.83174   -3.09088    35.2848    10.2656     0.8424  0.000e+00
 153.690440   60.83168   -3.09162    35.2843    10.2672     0.8358  0.000e+00
 153.690556   60.83160   -3.09248    35.2837    10.2688     0.8424  0.000e+00
 153.690671   60.83154   -3.09332    35.2832    10.2705     0.8556  0.000e+00
 153.690787   60.83146   -3.09418    35.2835    10.2713     0.8622  0.000e+00
 153.690903   60.83138   -3.09500    35.2838    10.2721     0.8820  0.000e+00
 153.691019   60.83132   -3.09586    35.2838    10.2721     0.8952  0.000e+00
 153.691134   60.83124   -3.09670    35.2829    10.2697     0.8952  0.000e+00
 153.691250   60.83118   -3.09754    35.2839    10.2665     0.8820  0.000e+00
 153.691366   60.83112   -3.09838    35.2832    10.2672     0.8622  0.000e+00
 153.691481   60.83104   -3.09922    35.2827    10.2688     0.8622  0.000e+00
 153.691597   60.83098   -3.10006    35.2832    10.2705     0.8754  0.000e+00
 153.691713   60.83090   -3.10092    35.2832    10.2705     0.8820  0.000e+00
 153.691829   60.83084   -3.10176    35.2829    10.2697     0.8688  0.000e+00
 153.691944   60.83076   -3.10260    35.2827    10.2688     0.8886  0.000e+00
 153.692060   60.83070   -3.10346    35.2824    10.2649     0.8820  0.000e+00
 153.692176   60.83062   -3.10432    35.2818    10.2632     0.8754  0.000e+00
 153.692292   60.83054   -3.10518    35.2821    10.2640     0.8688  0.000e+00
 153.692407   60.83046   -3.10604    35.2818    10.2665     0.8622  0.000e+00
 153.692523   60.83040   -3.10690    35.2813    10.2681     0.8688  0.000e+00
 153.692639   60.83032   -3.10774    35.2810    10.2640     0.8820  0.000e+00
 153.692755   60.83024   -3.10862    35.2820    10.2576     0.8688  0.000e+00
 153.692870   60.83018   -3.10948    35.2814    10.2528     0.8754  0.000e+00
 153.692986   60.83010   -3.11032    35.2806    10.2504     0.8754  0.000e+00
 153.693102   60.83002   -3.11118    35.2806    10.2504     0.8688  0.000e+00
 153.693218   60.82994   -3.11202    35.2801    10.2487     0.8688  0.000e+00
 153.693333   60.82988   -3.11286    35.2793    10.2496     0.8688  0.000e+00
 153.693449   60.82980   -3.11372    35.2793    10.2496     0.8952  0.000e+00
 153.693565   60.82972   -3.11456    35.2780    10.2487     0.9083  0.000e+00
 153.693681   60.82964   -3.11542    35.2782    10.2464     0.9347  0.000e+00
 153.693796   60.82956   -3.11628    35.2787    10.2448     0.9215  0.000e+00
 153.693912   60.82950   -3.11714    35.2787    10.2415     0.9215  0.000e+00
 153.694028   60.82942   -3.11802    35.2786    10.2351     0.9281  0.000e+00
 153.694144   60.82934   -3.11888    35.2772    10.2311     0.9281  0.000e+00
 153.694259   60.82926   -3.11974    35.2772    10.2311     0.9149  0.000e+00
 153.694375   60.82920   -3.12060    35.2772    10.2311     0.9017  0.000e+00
 153.694491   60.82910   -3.12156    35.2767    10.2327     0.9083  0.000e+00
 153.694606   60.82904   -3.12234    35.2764    10.2287     0.9083  0.000e+00
 153.694722   60.82896   -3.12320    35.2769    10.2239     0.9215  0.000e+00
 153.694838   60.82888   -3.12404    35.2756    10.2230     0.9149  0.000e+00
 153.694954   60.82880   -3.12492    35.2768    10.2174     0.9083  0.000e+00
 153.695069   60.82872   -3.12580    35.2762    10.2126     0.9017  0.000e+00
 153.695185   60.82864   -3.12666    35.2762    10.2094     0.9017  0.000e+00
 153.695301   60.82858   -3.12756    35.2756    10.2045     0.9083  0.000e+00
 153.695417   60.82850   -3.12842    35.2748    10.2021     0.9083  0.000e+00
 153.695532   60.82842   -3.12928    35.2737    10.1989     0.9281  0.000e+00
 153.695648   60.82836   -3.13016    35.2737    10.1957     0.9281  0.000e+00
 153.695764   60.82828   -3.13106    35.2733    10.1917     0.9083  0.000e+00
 153.695880   60.82822   -3.13194    35.2728    10.1901     0.9017  0.000e+00
 153.695995   60.82814   -3.13280    35.2731    10.1876     0.8886  0.000e+00
 153.696111   60.82806   -3.13368    35.2728    10.1869     0.8820  0.000e+00
 153.696227   60.82800   -3.13456    35.2728    10.1869     0.8820  0.000e+00
 153.696343   60.82790   -3.13542    35.2722    10.1885     0.8754  0.000e+00
 153.696458   60.82784   -3.13630    35.2722    10.1885     0.8820  0.000e+00
 153.696574   60.82776   -3.13718    35.2722    10.1885     0.8820  0.000e+00
 153.696690   60.82770   -3.13806    35.2723    10.1917     0.8688  0.000e+00
 153.696806   60.82762   -3.13894    35.2723    10.1917     0.8886  0.000e+00
 153.696921   60.82754   -3.13982    35.2733    10.1885     0.8820  0.000e+00
 153.697037   60.82746   -3.14070    35.2733    10.1853     0.8820  0.000e+00
 153.697153   60.82736   -3.14158    35.2727    10.1836     0.8886  0.000e+00
 153.697269   60.82732   -3.14246    35.2724    10.1829     0.8886  0.000e+00
 153.697384   60.82724   -3.14334    35.2727    10.1836     0.8886  0.000e+00
 153.697500   60.82716   -3.14420    35.2722    10.1820     0.8820  0.000e+00
 153.697616   60.82710   -3.14508    35.2729    10.1813     0.8688  0.000e+00
 153.697731   60.82700   -3.14596    35.2717    10.1836     0.8688  0.000e+00
 153.697847   60.82694   -3.14684    35.2725    10.1860     0.8688  0.000e+00
 153.697963   60.82686   -3.14772    35.2720    10.1909     0.8622  0.000e+00
 153.698079   60.82680   -3.14858    35.2723    10.1917     0.8622  0.000e+00
 153.698194   60.82672   -3.14946    35.2715    10.1925     0.8622  0.000e+00
 153.698310   60.82664   -3.15034    35.2726    10.1957     0.8622  0.000e+00
 153.698426   60.82658   -3.15122    35.2726    10.1957     0.8556  0.000e+00
 153.698542   60.82650   -3.15210    35.2726    10.1957     0.8490  0.000e+00
 153.698657   60.82642   -3.15298    35.2721    10.1973     0.8424  0.000e+00
 153.698773   60.82634   -3.15384    35.2721    10.2005     0.8358  0.000e+00
 153.698889   60.82626   -3.15470    35.2727    10.2054     0.8358  0.000e+00
 153.699005   60.82618   -3.15558    35.2722    10.2070     0.8358  0.000e+00
 153.699120   60.82610   -3.15646    35.2730    10.2094     0.8358  0.000e+00
 153.699236   60.82604   -3.15734    35.2722    10.2134     0.8292  0.000e+00
 153.699352   60.82596   -3.15820    35.2726    10.2174     0.8292  0.000e+00
 153.699468   60.82590   -3.15908    35.2726    10.2174     0.8424  0.000e+00
 153.699583   60.82582   -3.15992    35.2729    10.2182     0.8424  0.000e+00
 153.699699   60.82574   -3.16078    35.2729    10.2182     0.8292  0.000e+00
 153.699815   60.82566   -3.16160    35.2726    10.2206     0.8160  0.000e+00
 153.699931   60.82560   -3.16244    35.2734    10.2198     0.8160  0.000e+00
 153.700046   60.82552   -3.16328    35.2731    10.2190     0.8160  0.000e+00
 153.700162   60.82546   -3.16410    35.2729    10.2182     0.8094  0.000e+00
 153.700278   60.82538   -3.16494    35.2726    10.2174     0.8028  0.000e+00
 153.700394   60.82532   -3.16578    35.2726    10.2174     0.7963  0.000e+00
 153.700509   60.82524   -3.16664    35.2726    10.2174     0.7963  0.000e+00
 153.700625   60.82518   -3.16750    35.2726    10.2174     0.8028  0.000e+00
 153.700741   60.82512   -3.16836    35.2734    10.2166     0.8094  0.000e+00
 153.700856   60.82504   -3.16922    35.2734    10.2166     0.7897  0.000e+00
 153.700972   60.82498   -3.17010    35.2731    10.2190     0.7765  0.000e+00
 153.701088   60.82490   -3.17094    35.2724    10.2198     0.7765  0.000e+00
 153.701204   60.82484   -3.17182    35.2721    10.2190     0.7765  0.000e+00
 153.701319   60.82476   -3.17266    35.2736    10.2174     0.7699  0.000e+00
 153.701435   60.82470   -3.17354    35.2734    10.2166     0.7633  0.000e+00
 153.701551   60.82464   -3.17440    35.2734    10.2166     0.7765  0.000e+00
 153.701667   60.82456   -3.17526    35.2734    10.2166     0.7831  0.000e+00
 153.701782   60.82450   -3.17612    35.2734    10.2166     0.7963  0.000e+00
 153.701898   60.82442   -3.17700    35.2731    10.2190     0.8028  0.000e+00
 153.702014   60.82436   -3.17786    35.2729    10.2214     0.8028  0.000e+00
 153.702130   60.82430   -3.17872    35.2731    10.2223     0.7963  0.000e+00
 153.702245   60.82424   -3.17962    35.2734    10.2198     0.7831  0.000e+00
 153.702361   60.82416   -3.18048    35.2731    10.2158     0.7765  0.000e+00
 153.702477   60.82410   -3.18136    35.2738    10.2118     0.7699  0.000e+00
 153.702593   60.82402   -3.18224    35.2730    10.2094     0.7765  0.000e+00
 153.702708   60.82394   -3.18310    35.2733    10.2102     0.7765  0.000e+00
 153.702824   60.82388   -3.18398    35.2717    10.2118     0.7765  0.000e+00
 153.702940   60.82382   -3.18484    35.2722    10.2102     0.7765  0.000e+00
 153.703056   60.82376   -3.18572    35.2727    10.2086     0.7765  0.000e+00
 153.703171   60.82370   -3.18660    35.2730    10.2029     0.7831  0.000e+00
 153.703287   60.82362   -3.18746    35.2727    10.2021     0.7831  0.000e+00
 153.703403   60.82354   -3.18832    35.2718    10.1998     0.7963  0.000e+00
 153.703519   60.82348   -3.18922    35.2723    10.1949     0.7963  0.000e+00
 153.703634   60.82340   -3.19010    35.2720    10.1909     0.7897  0.000e+00
 153.703750   60.82334   -3.19100    35.2722    10.1853     0.7897  0.000e+00
 153.703866   60.82326   -3.19186    35.2719    10.1813     0.7963  0.000e+00
 153.703981   60.82320   -3.19276    35.2714    10.1796     0.8160  0.000e+00
 153.704097   60.82312   -3.19362    35.2713    10.1732     0.8226  0.000e+00
 153.704213   60.82304   -3.19452    35.2704    10.1676     0.8160  0.000e+00
 153.704329   60.82296   -3.19540    35.2701    10.1635     0.8226  0.000e+00
 153.704444   60.82290   -3.19628    35.2701    10.1603     0.8226  0.000e+00
 153.704560   60.82282   -3.19716    35.2690    10.1571     0.8292  0.000e+00
 153.704676   60.82274   -3.19804    35.2693    10.1547     0.8292  0.000e+00
 153.704792   60.82268   -3.19892    35.2692    10.1515     0.8358  0.000e+00
 153.704907   60.82260   -3.19982    35.2689    10.1474     0.8424  0.000e+00
 153.705023   60.82252   -3.20070    35.2692    10.1482     0.8490  0.000e+00
 153.705139   60.82244   -3.20158    35.2678    10.1474     0.8556  0.000e+00
 153.705255   60.82240   -3.20248    35.2686    10.1434     0.8688  0.000e+00
 153.705370   60.82232   -3.20336    35.2691    10.1418     0.8754  0.000e+00
 153.705486   60.82224   -3.20424    35.2683    10.1394     0.8820  0.000e+00
 153.705602   60.82220   -3.20512    35.2677    10.1345     0.8688  0.000e+00
 153.705718   60.82212   -3.20598    35.2677    10.1313     0.8358  0.000e+00
 153.705833   60.82204   -3.20686    35.2668    10.1289     0.8160  0.000e+00
 153.705949   60.82198   -3.20774    35.2670    10.1233     0.7963  0.000e+00
 153.706065   60.82190   -3.20862    35.2675    10.1185     0.7699  0.000e+00
 153.706181   60.82184   -3.20950    35.2680    10.1136     0.7567  0.000e+00
 153.706296   60.82176   -3.21038    35.2669    10.1104     0.7435  0.000e+00
 153.706412   60.82170   -3.21126    35.2666    10.1064     0.7237  0.000e+00
 153.706528   60.82162   -3.21214    35.2663    10.1023     0.7105  0.000e+00
 153.706644   60.82154   -3.21302    35.2663    10.1023     0.6974  0.000e+00
 153.706759   60.82148   -3.21390    35.2665    10.0999     0.6908  0.000e+00
 153.706875   60.82140   -3.21478    35.2673    10.0959     0.6776  0.000e+00
 153.706991   60.82132   -3.21564    35.2665    10.0935     0.6776  0.000e+00
 153.707106   60.82126   -3.21656    35.2662    10.0927     0.6710  0.000e+00
 153.707222   60.82118   -3.21742    35.2656    10.0911     0.6578  0.000e+00
 153.707338   60.82112   -3.21828    35.2659    10.0886     0.6578  0.000e+00
 153.707454   60.82106   -3.21914    35.2659    10.0854     0.6512  0.000e+00
 153.707569   60.82098   -3.22000    35.2661    10.0830     0.6512  0.000e+00
 153.707685   60.82090   -3.22088    35.2659    10.0822     0.6446  0.000e+00
 153.707801   60.82084   -3.22174    35.2653    10.0838     0.6446  0.000e+00
 153.707917   60.82076   -3.22258    35.2658    10.0789     0.6314  0.000e+00
 153.708032   60.82070   -3.22346    35.2657    10.0758     0.6314  0.000e+00
 153.708148   60.82064   -3.22432    35.2658    10.0789     0.6314  0.000e+00
 153.708264   60.82056   -3.22520    35.2656    10.0814     0.6314  0.000e+00
 153.708380   60.82048   -3.22616    35.2656    10.0814     0.6314  0.000e+00
 153.708495   60.82042   -3.22696    35.2656    10.0814     0.6248  0.000e+00
 153.708611   60.82036   -3.22786    35.2656    10.0814     0.6182  0.000e+00
 153.708727   60.82030   -3.22874    35.2666    10.0814     0.6248  0.000e+00
 153.708843   60.82022   -3.22962    35.2664    10.0806     0.6182  0.000e+00
 153.708958   60.82014   -3.23050    35.2669    10.0789     0.6248  0.000e+00
 153.709074   60.82008   -3.23138    35.2660    10.0766     0.6248  0.000e+00
 153.709190   60.82002   -3.23226    35.2663    10.0774     0.6182  0.000e+00
 153.709306   60.81996   -3.23314    35.2658    10.0789     0.6182  0.000e+00
 153.709421   60.81990   -3.23404    35.2669    10.0789     0.6182  0.000e+00
 153.709537   60.81982   -3.23492    35.2659    10.0822     0.6182  0.000e+00
 153.709653   60.81976   -3.23580    35.2671    10.0830     0.6248  0.000e+00
 153.709769   60.81968   -3.23670    35.2661    10.0830     0.6314  0.000e+00
 153.709884   60.81962   -3.23758    35.2664    10.0838     0.6380  0.000e+00
 153.710000   60.81954   -3.23848    35.2669    10.0854     0.6380  0.000e+00
 153.710116   60.81948   -3.23938    35.2672    10.0862     0.6446  0.000e+00
 153.710231   60.81940   -3.24026    35.2675    10.0870     0.6446  0.000e+00
 153.710347   60.81932   -3.24114    35.2669    10.0854     0.6380  0.000e+00
 153.710463   60.81926   -3.24204    35.2666    10.0846     0.6380  0.000e+00
 153.710579   60.81920   -3.24294    35.2661    10.0862     0.6380  0.000e+00
 153.710694   60.81914   -3.24384    35.2667    10.0879     0.6446  0.000e+00
 153.710810   60.81906   -3.24474    35.2662    10.0895     0.6380  0.000e+00
 153.710926   60.81900   -3.24564    35.2672    10.0895     0.6380  0.000e+00
